target sourceid offra e_offra offdec e_offdec fnu e_fnu size e_size q e_q phi e_phi mu e_mu
ADFS01   Source0      -0.734 0.069     -1.070 0.053      4.32  0.28     0.112 0.006      0.41  0.05      45   3      1.64  0.10   
ADFS01   Source1       1.415 0.056     -2.912 0.059      1.49  0.11     0.059 0.018      0.54  0.12      94  48      1.26  0.03   
ADFS01   Source2       0.427 0.055     -0.514 0.059      0.83  0.13     0.084 0.020      0.50  0.13     125  14      2.72  0.33   
ADFS02   Source0      -0.868 0.050      0.938 0.048      2.54  0.18     0.055 0.010      0.83  0.09     131  20      2.29  0.13   
ADFS02   Source1       7.496 0.058      2.190 0.059      3.72  0.20     0.179 0.012      0.59  0.08      63   6      1.20  0.01   
ADFS03   Source0       2.343 0.007      3.284 0.005      7.50  0.24     0.109 0.008      0.70  0.11      92  14      1.00  0.00   
ADFS03   Source1      -2.191 0.013     -3.320 0.011      3.84  0.27     0.099 0.019      0.53  0.17     135  24      1.00  0.00   
ADFS03   Source2      -2.503 0.035      0.886 0.019      2.06  0.30     0.122 0.040      0.51  0.17      89  20      1.00  0.00   
ADFS04   Source0      -1.126 0.005     -0.319 0.004      8.65  0.23     0.073 0.010      0.67  0.15     133  24      1.00  0.00   
ADFS04   Source1       0.876 0.011      0.908 0.009      3.53  0.18     0.048 0.019      0.71  0.19      84  43      1.00  0.00   
ADFS04   Source2      -0.437 0.017     -1.088 0.016      2.76  0.16     0.093 0.020      0.58  0.20     131  38      1.00  0.00   
ADFS05   Source0       0.067 0.008      0.588 0.015      7.02  0.42     0.136 0.012      0.38  0.06      23   5      1.00  0.00   
ADFS05   Source1      -0.060 0.009     -0.268 0.018      8.27  0.53     0.193 0.015      0.42  0.06      17   4      1.00  0.00   
ADFS06   Source0       0.333 0.101     -0.513 0.040      5.14  0.39     0.091 0.006      0.39  0.05     142   4      1.70  0.14   
ADFS06   Source1       0.865 0.123     -0.420 0.041      4.09  0.29     0.165 0.013      0.43  0.06     141   4      1.42  0.07   
ADFS06   Source2       0.604 0.108      0.739 0.077      1.56  0.20     0.077 0.015      0.75  0.16     101  40      1.79  0.18   
ADFS07   Source0       0.131 0.005     -0.105 0.006      3.28  0.13     0.128 0.005      0.30  0.01      24   1      9.81  0.31   
ADFS_M0   Source0    -1.340 0.043     -1.816 0.119      9.81  0.33     0.225 0.006      0.46  0.02     178   1      1.43  0.03   
ADFS_M0   Source1     0.658 0.039      1.569 0.111      4.27  0.24     0.180 0.010      0.25  0.02     167   2      1.52  0.07   
CDFS_M0   Source0    -0.348 0.006      0.077 0.004      1.58  0.06     0.085 0.004      0.38  0.03     134   3      8.29  0.19   
CDFS_M0   Source1    -0.342 0.005      2.489 0.008      9.37  0.14     0.147 0.003      0.65  0.02      14   2      1.52  0.00   
CDFS_M0   Source0     0.000 0.000      0.000 0.000      5.83  0.11     0.026 0.009      0.79  0.15      85  63      1.00  0.00   
CDFS_M1   Source0    -0.011 0.011     -0.347 0.004      3.71  0.09     0.096 0.005      0.35  0.03      91   2      2.95  0.04   
CDFS_M1   Source1    -2.366 0.024     -3.752 0.007      2.26  0.10     0.032 0.012      0.68  0.19      93  55      1.12  0.02   
COS01   Source0        0.136 0.011     -0.220 0.016      1.35  0.13     0.068 0.006      0.27  0.04     164   2      9.44  0.95   
COS02   Source0       -3.507 0.012      4.659 0.013      3.31  0.16     0.073 0.017      0.70  0.12      94  34      1.00  0.00   
COS02   Source1        5.780 0.019     -1.434 0.026      2.26  0.19     0.094 0.029      0.76  0.13     106  65      1.00  0.00   
COS02   Source2       -4.869 0.049     -3.769 0.050      1.54  0.23     0.198 0.051      0.65  0.13      72  41      1.00  0.00   
COS02   Source3        1.410 0.031     -0.035 0.033      1.45  0.18     0.101 0.042      0.71  0.13      74  42      1.00  0.00   
COS02   Source4        3.301 0.083     -1.864 0.060      1.80  0.33     0.312 0.060      0.67  0.13      78  32      1.00  0.00   
ECDFS02   Source0     -0.156 0.011     -0.034 0.011      9.30  1.20     0.099 0.012      0.52  0.12     123   7      1.00  0.00   
ECDFS02   Source1      0.221 0.061      0.127 0.018      4.83  1.26     0.109 0.024      0.38  0.08      88   7      1.00  0.00   
ElaisS1   Source0      3.113 0.160     -3.112 0.155      6.94  0.17     0.096 0.005      0.80  0.05      91   6      1.29  0.02   
ElaisS1   Source1     -0.111 0.114     -2.172 0.183      2.46  0.12     0.065 0.008      0.84  0.05      87   7      1.68  0.06   
ElaisS1   Source2     -1.470 0.158      1.774 0.145      1.55  0.13     0.105 0.016      0.86  0.04     120   7      1.53  0.04   
ElaisS1   Source3      4.039 0.165     -7.216 0.174      1.57  0.13     0.124 0.020      0.79  0.05      77   7      1.16  0.01   
XMM01   Source0       -1.503 0.013      0.395 0.017      8.68  0.26     0.090 0.005      0.56  0.06      12  19      1.77  0.04   
XMM01   Source1       -2.563 0.018     -1.337 0.017      7.91  0.23     0.116 0.006      0.34  0.03       2   1      1.42  0.01   
XMM01   Source2       -2.622 0.025     -0.552 0.025      1.15  0.16     0.077 0.025      0.66  0.18     134  33      1.58  0.06   
XMM02   Source0       -0.844 0.111     -0.648 0.081      4.97  0.35     0.106 0.007      0.26  0.03      54   2      1.63  0.11   
XMM02   Source1       -0.596 0.122     -4.592 0.098      2.97  0.31     0.168 0.023      0.59  0.16     139  41      1.10  0.01   
XMM03   Source0       -3.505 0.094      1.937 0.081      7.86  0.74     0.095 0.006      0.59  0.06     142   5      1.80  0.16   
XMM04   Source0        0.114 0.009      0.451 0.008      5.46  0.30     0.088 0.012      0.82  0.14      90  44      1.00  0.00   
XMM04   Source1       -0.236 0.034     -0.562 0.030      1.78  0.37     0.116 0.051      0.70  0.20      88  55      1.00  0.00   
XMM05   Source0        0.059 0.040      0.567 0.032      7.58  0.74     0.111 0.006      0.52  0.04      36   5      2.15  0.23   
XMM06   Source0       -0.278 0.008      0.239 0.011     11.66  0.45     0.122 0.003      0.64  0.02      62   2      5.33  0.19   
XMM16   Source0        5.180 0.003      0.923 0.003     15.42  0.43     0.129 0.004      0.51  0.03     -23   2      1.19  0.01   
XMM16   Source1        5.159 0.027      2.068 0.029      1.66  0.17     0.089 0.011      0.75  0.12      18  31      1.19  0.01   
XMM16   Source2        5.125 0.046      0.286 0.229      1.12  0.15     0.088 0.015      0.76  0.11      -8  41      1.19  0.01   
XMM101   Source0      -0.076 0.004      0.024 0.004      8.77  0.24     0.085 0.010      0.52  0.11     152   6      1.00  0.00   
XMM102   Source0      -2.308 0.012     -2.275 0.011      5.15  0.32     0.089 0.014      0.63  0.16      58  27      1.00  0.00   
XMM102   Source1       0.828 0.025     -0.278 0.023      3.31  0.39     0.137 0.026      0.84  0.10      74  44      1.00  0.00   
XMM102   Source2      -0.211 0.017     -1.647 0.014      2.88  0.22     0.058 0.020      0.80  0.13      84  45      1.00  0.00   
XMM102   Source3      -1.505 0.157     -1.981 0.064      1.94  0.37     0.283 0.198      0.67  0.17      81  21      1.00  0.00   
XMM102   Source4       2.588 0.155      2.611 0.218      0.94  0.18     0.459 0.246      0.58  0.15      96  51      1.00  0.00   
XMM108   Source0       0.016 0.238     -0.016 0.283      3.49  0.46     0.074 0.007      0.32  0.02      66   2      8.49  1.13   
XMM109   Source0       0.153 0.024     -0.073 0.011      0.85  0.13     0.019 0.003      0.20  0.00     109   1     27.15  4.61   
XMM110   Source0      -1.380 0.010     -1.025 0.010      6.31  0.34     0.141 0.011      0.80  0.12     134  36      1.00  0.00   
XMM110   Source1       1.311 0.011      1.124 0.010      3.81  0.25     0.070 0.018      0.59  0.22      52  56      1.00  0.00   
XMM115   Source0       0.095 0.021      0.442 0.025      5.13  0.61     0.117 0.007      0.52  0.07      -2   5      3.72  0.42   
XMM119   Source0      -0.392 0.039     -0.740 0.051      3.83  0.29     0.064 0.006      0.42  0.06      75   5      2.25  0.17   
XMM119   Source1      -1.507 0.073      0.805 0.053      4.21  0.17     0.033 0.010      0.46  0.18     116  14      1.48  0.03   
XMM124   Source0       0.101 0.011     -0.050 0.009      2.75  0.14     0.020 0.008      0.68  0.20      89  49      1.00  0.00   

